Eigenvalue and eigenvector 1
-8*B20
Matrix([[0], [0], [1.00000000000000], [0], [0], [0]])

Eigenvalue and eigenvector 2
-8*B20
Matrix([[0], [0], [0], [1.00000000000000], [0], [0]])

Eigenvalue and eigenvector 3
-2*B20
Matrix([[0], [1.00000000000000], [0], [0], [0], [0]])

Eigenvalue and eigenvector 4
-2*B20
Matrix([[0], [0], [0], [0], [1.00000000000000], [0]])

Eigenvalue and eigenvector 5
10*B20
Matrix([[1.00000000000000], [0], [0], [0], [0], [0]])

Eigenvalue and eigenvector 6
10*B20
Matrix([[0], [0], [0], [0], [0], [1.00000000000000]])

Matrix([[-8*B20, 0, 0, 0, 0, 0], [0, -8*B20, 0, 0, 0, 0], [0, 0, -2*B20, 0, 0, 0], [0, 0, 0, -2*B20, 0, 0], [0, 0, 0, 0, 10*B20, 0], [0, 0, 0, 0, 0, 10*B20]])
Matrix([[0, 0, 0, 0, 1.00000000000000, 0], [0, 0, 1.00000000000000, 0, 0, 0], [1.00000000000000, 0, 0, 0, 0, 0], [0, 1.00000000000000, 0, 0, 0, 0], [0, 0, 0, 1.00000000000000, 0, 0], [0, 0, 0, 0, 0, 1.00000000000000]])