Eigenvalue and eigenvector 1
-74970*B40 - 8091720*B60
Matrix([[0], [0], [0], [1], [0], [0], [0], [0], [0], [0], [0], [0], [0], [0], [0], [0], [0], [0]])

Eigenvalue and eigenvector 2
-74970*B40 - 8091720*B60
Matrix([[0], [0], [0], [0], [0], [0], [0], [0], [0], [0], [0], [0], [0], [0], [1], [0], [0], [0]])

Eigenvalue and eigenvector 3
-69090*B40 + 18050760*B60
Matrix([[0], [0], [1], [0], [0], [0], [0], [0], [0], [0], [0], [0], [0], [0], [0], [0], [0], [0]])

Eigenvalue and eigenvector 4
-69090*B40 + 18050760*B60
Matrix([[0], [0], [0], [0], [0], [0], [0], [0], [0], [0], [0], [0], [0], [0], [0], [1], [0], [0]])

Eigenvalue and eigenvector 5
-52920*B40 - 23030280*B60
Matrix([[0], [0], [0], [0], [1], [0], [0], [0], [0], [0], [0], [0], [0], [0], [0], [0], [0], [0]])

Eigenvalue and eigenvector 6
-52920*B40 - 23030280*B60
Matrix([[0], [0], [0], [0], [0], [0], [0], [0], [0], [0], [0], [0], [0], [1], [0], [0], [0], [0]])

Eigenvalue and eigenvector 7
-17640*B40 - 21019320*B60
Matrix([[0], [0], [0], [0], [0], [1], [0], [0], [0], [0], [0], [0], [0], [0], [0], [0], [0], [0]])

Eigenvalue and eigenvector 8
-17640*B40 - 21019320*B60
Matrix([[0], [0], [0], [0], [0], [0], [0], [0], [0], [0], [0], [0], [1], [0], [0], [0], [0], [0]])

Eigenvalue and eigenvector 9
-17640*B40 + 31122000*B60
Matrix([[0], [1], [0], [0], [0], [0], [0], [0], [0], [0], [0], [0], [0], [0], [0], [0], [0], [0]])

Eigenvalue and eigenvector 10
-17640*B40 + 31122000*B60
Matrix([[0], [0], [0], [0], [0], [0], [0], [0], [0], [0], [0], [0], [0], [0], [0], [0], [1], [0]])

Eigenvalue and eigenvector 11
19110*B40 - 6942600*B60
Matrix([[0], [0], [0], [0], [0], [0], [1], [0], [0], [0], [0], [0], [0], [0], [0], [0], [0], [0]])

Eigenvalue and eigenvector 12
19110*B40 - 6942600*B60
Matrix([[0], [0], [0], [0], [0], [0], [0], [0], [0], [0], [0], [1], [0], [0], [0], [0], [0], [0]])

Eigenvalue and eigenvector 13
48510*B40 + 10006920*B60
Matrix([[0], [0], [0], [0], [0], [0], [0], [1], [0], [0], [0], [0], [0], [0], [0], [0], [0], [0]])

Eigenvalue and eigenvector 14
48510*B40 + 10006920*B60
Matrix([[0], [0], [0], [0], [0], [0], [0], [0], [0], [0], [1], [0], [0], [0], [0], [0], [0], [0]])

Eigenvalue and eigenvector 15
64680*B40 + 21067200*B60
Matrix([[0], [0], [0], [0], [0], [0], [0], [0], [1], [0], [0], [0], [0], [0], [0], [0], [0], [0]])

Eigenvalue and eigenvector 16
64680*B40 + 21067200*B60
Matrix([[0], [0], [0], [0], [0], [0], [0], [0], [0], [1], [0], [0], [0], [0], [0], [0], [0], [0]])

Eigenvalue and eigenvector 17
99960*B40 - 21162960*B60
Matrix([[1], [0], [0], [0], [0], [0], [0], [0], [0], [0], [0], [0], [0], [0], [0], [0], [0], [0]])

Eigenvalue and eigenvector 18
99960*B40 - 21162960*B60
Matrix([[0], [0], [0], [0], [0], [0], [0], [0], [0], [0], [0], [0], [0], [0], [0], [0], [0], [1]])

Diagonalized matrix D from H=U_dag D U
Matrix([[-74970*B40 - 8091720*B60, 0, 0, 0, 0, 0, 0, 0, 0, 0, 0, 0, 0, 0, 0, 0, 0, 0], [0, -74970*B40 - 8091720*B60, 0, 0, 0, 0, 0, 0, 0, 0, 0, 0, 0, 0, 0, 0, 0, 0], [0, 0, -69090*B40 + 18050760*B60, 0, 0, 0, 0, 0, 0, 0, 0, 0, 0, 0, 0, 0, 0, 0], [0, 0, 0, -69090*B40 + 18050760*B60, 0, 0, 0, 0, 0, 0, 0, 0, 0, 0, 0, 0, 0, 0], [0, 0, 0, 0, -52920*B40 - 23030280*B60, 0, 0, 0, 0, 0, 0, 0, 0, 0, 0, 0, 0, 0], [0, 0, 0, 0, 0, -52920*B40 - 23030280*B60, 0, 0, 0, 0, 0, 0, 0, 0, 0, 0, 0, 0], [0, 0, 0, 0, 0, 0, -17640*B40 - 21019320*B60, 0, 0, 0, 0, 0, 0, 0, 0, 0, 0, 0], [0, 0, 0, 0, 0, 0, 0, -17640*B40 - 21019320*B60, 0, 0, 0, 0, 0, 0, 0, 0, 0, 0], [0, 0, 0, 0, 0, 0, 0, 0, -17640*B40 + 31122000*B60, 0, 0, 0, 0, 0, 0, 0, 0, 0], [0, 0, 0, 0, 0, 0, 0, 0, 0, -17640*B40 + 31122000*B60, 0, 0, 0, 0, 0, 0, 0, 0], [0, 0, 0, 0, 0, 0, 0, 0, 0, 0, 19110*B40 - 6942600*B60, 0, 0, 0, 0, 0, 0, 0], [0, 0, 0, 0, 0, 0, 0, 0, 0, 0, 0, 19110*B40 - 6942600*B60, 0, 0, 0, 0, 0, 0], [0, 0, 0, 0, 0, 0, 0, 0, 0, 0, 0, 0, 48510*B40 + 10006920*B60, 0, 0, 0, 0, 0], [0, 0, 0, 0, 0, 0, 0, 0, 0, 0, 0, 0, 0, 48510*B40 + 10006920*B60, 0, 0, 0, 0], [0, 0, 0, 0, 0, 0, 0, 0, 0, 0, 0, 0, 0, 0, 64680*B40 + 21067200*B60, 0, 0, 0], [0, 0, 0, 0, 0, 0, 0, 0, 0, 0, 0, 0, 0, 0, 0, 64680*B40 + 21067200*B60, 0, 0], [0, 0, 0, 0, 0, 0, 0, 0, 0, 0, 0, 0, 0, 0, 0, 0, 99960*B40 - 21162960*B60, 0], [0, 0, 0, 0, 0, 0, 0, 0, 0, 0, 0, 0, 0, 0, 0, 0, 0, 99960*B40 - 21162960*B60]])
Rotation matrix U from H=U_dag D U
Matrix([[0, 0, 0, 0, 0, 0, 0, 0, 0, 0, 0, 0, 0, 0, 0, 0, 1, 0], [0, 0, 0, 0, 0, 0, 0, 0, 1, 0, 0, 0, 0, 0, 0, 0, 0, 0], [0, 0, 1, 0, 0, 0, 0, 0, 0, 0, 0, 0, 0, 0, 0, 0, 0, 0], [1, 0, 0, 0, 0, 0, 0, 0, 0, 0, 0, 0, 0, 0, 0, 0, 0, 0], [0, 0, 0, 0, 1, 0, 0, 0, 0, 0, 0, 0, 0, 0, 0, 0, 0, 0], [0, 0, 0, 0, 0, 0, 1, 0, 0, 0, 0, 0, 0, 0, 0, 0, 0, 0], [0, 0, 0, 0, 0, 0, 0, 0, 0, 0, 1, 0, 0, 0, 0, 0, 0, 0], [0, 0, 0, 0, 0, 0, 0, 0, 0, 0, 0, 0, 1, 0, 0, 0, 0, 0], [0, 0, 0, 0, 0, 0, 0, 0, 0, 0, 0, 0, 0, 0, 1, 0, 0, 0], [0, 0, 0, 0, 0, 0, 0, 0, 0, 0, 0, 0, 0, 0, 0, 1, 0, 0], [0, 0, 0, 0, 0, 0, 0, 0, 0, 0, 0, 0, 0, 1, 0, 0, 0, 0], [0, 0, 0, 0, 0, 0, 0, 0, 0, 0, 0, 1, 0, 0, 0, 0, 0, 0], [0, 0, 0, 0, 0, 0, 0, 1, 0, 0, 0, 0, 0, 0, 0, 0, 0, 0], [0, 0, 0, 0, 0, 1, 0, 0, 0, 0, 0, 0, 0, 0, 0, 0, 0, 0], [0, 1, 0, 0, 0, 0, 0, 0, 0, 0, 0, 0, 0, 0, 0, 0, 0, 0], [0, 0, 0, 1, 0, 0, 0, 0, 0, 0, 0, 0, 0, 0, 0, 0, 0, 0], [0, 0, 0, 0, 0, 0, 0, 0, 0, 1, 0, 0, 0, 0, 0, 0, 0, 0], [0, 0, 0, 0, 0, 0, 0, 0, 0, 0, 0, 0, 0, 0, 0, 0, 0, 1]])